428
624
417
997
873
844
838
716
398
210
405
165
640
890
398
331
981
748
189
229
555
407
418
635
528
253
327
363
701
858
309
568
187
826
938
193
475
488
246
189
701
790
263
114
269
903
269
362
499
806
175
255
111
821
240
191
789
826
269
422
289
762
586
311
727
534
908
767
782
935
451
406
809
962
708
727
528
783
607
158
348
979
362
602
597
912
303
161
857
863
940
211
530
639
174
831
158
584
707
319
421
889
557
801
314
183
348
894
750
440
936
736
820
886
594
857
846
665
930
539
834
306
552
753
625
798
727
846
472
272
749
827
301
407
468
984
987
628
691
905
882
646
561
963
169
707
507
772
768
808
196
306
207
976
288
445
625
169
730
969
999
339
179
331
977
686
786
458
374
629
623
443
800
848
763
280
232
347
560
713
616
238
313
217
108
968
484
493
860
136
445
632
120
938
739
912
703
613
128
647
286
774
760
262
788
552
860
599
950
646
873
443
323
994
773
547
309
883
758
323
513
995
333
547
863
737
531
183
815
728
943
241
441
317
384
461
623
755
408
531
301
471
126
867
993
576
208
142
895
439
316
823
640
184
285
461
103
398
927
545
302
288
656
459
722
654
938
181
172
830
775
868
749
374
262
950
637
772
281
735
530
234
284
957
619
424
201
918
568
368
898
721
149
387
946
633
183
569
736
354
947
933
846
613
872
347
106
772
671
119
650
515
778
305
864
288
870
814
707
328
369
873
286
455
643
139
173
291
180
435
543
481
920
175
988
346
409
404
782
404
501
284
383
476
740
272
309
904
923
902
222
543
424
525
506
441
774
231
377
696
763
191
692
712
409
165
363
145
265
442
984
687
754
343
604
710
288
225
453
933
163
273
818
381
671
337
645
321
215
463
930
559
872
625
957
237
248
833
775
856
118
310
640
287
177
587
516
934
962
796
940
311
825
526
781
172
504
825
560
870
698
111
514
956
275
405
774
472
395
954
777
495
360
361
385
258
768
380
283
178
415
639
574
179
536
754
417
234
151
797
213
145
612
592
794
171
445
564
533
640
667
980
777
408
293
397
547
172
303
781
597
232
898
877
958
105
687
794
114
661
739
213
604
577
202
784
759
614
620
735
939
360
224
551
232
333
576
143
356
756
388
586
284
117
262
326
798
797
766
775
935
912
617
433
298
950
950
873
226
944
790
789
224
161
885
319
416
811
300
984
421
629
751
304
485
950
236
315
372
876
961
178
922
343
226
983
390
305
925
190
341
588
304
401
980
220
696
312
937
541
596
165
538
445
630
969
726
390
527
513
213
418
961
910
931
418
278
759
178
795
169
514
502
828
759
741
893
165
166
731
225
304
538
812
971
743
302
476
617
164
402
336
208
293
932
279
532
912
785
892
426
478
938
678
860
184
649
243
293
261
510
467
767
484
279
684
145
860
856
673
961
839
243
137
591
649
922
520
812
542
437
916
458
346
547
342
695
778
179
508
524
114
309
467
712
802
240
397
497
531
140
585
682
407
276
615
435
660
535
126
804
345
541
442
940
185
826
842
981
962
307
154
197
225
811
433
798
398
858
761
931
722
330
601
960
157
146
976
633
509
652
505
995
952
291
840
769
618
295
870
154
238
487
232
593
805
953
858
797
715
295
841
222
261
281
343
459
715
863
651
684
726
234
722
375
644
708
236
821
603
970
892
480
137
102
639
349
482
307
630
294
889
373
521
393
305
765
594
143
430
773
975
485
779
116
217
226
734
338
702
604
436
185
230
643
763
571
864
863
641
239
874
678
620
806
790
312
322
420
124
146
362
973
539
267
292
471
255
174
295
727
363
378
568
519
884
902
250
147
632
225
770
710
229
242
814
236
426
149
658
558
135
585
705
576
105
613
127
464
627
759
813
222
252
796
444
612
104
863
462
676
613
677
548
436
860
945
405
185
549
116
804
515
776
219
597
993
788
970
783
675
283
295
116
508
911
374
451
859
464
986
295
163
217
297
182
477
319
689
911
618
771
952
201
509
398
514
477
956
770
461
255
476
427
497
309
741
300
205
187
535
236
932
518
659
671
362
884
489
332
463
565
311
514
852
294
114
158
764
436
399
678
355
615
201
771
344
718
281
126
853
154
281
319
230
832
406
921
498
534
917
342
743
403
895
942
723
106
975
209
490
830
800
190
178
815
186
878
511
739
976
615
255
285
680
300
383
848
104
650
401
444
690
869
638
149
203
114
670
513
690
773
183
971
907
499
928
519
787
978
699
437
183
242
986
890
974
984
304
605
313
423
575
684
571
795
588
135
637
291
393
708
176
769
409
376
798
712
234
932
395
388
460
889
989
173
868
139
787
819
146
607
469
935
791
182
789
649
465
240
896
234
802
850
989
362
959
406
558
877
419
140
738
595
122
102
304
590
462
564
292
312
144
103
581
442
768
785
642
470
183
583
290
693
805
998
171
238
251
723
901
267
869
515
162
601
718
119
578
119
567
386
511
420
834
320
354
744
176
480
329
426
864
368
591
241
638
197
208
901
346
773
483
674
485
376
200
367
949
370
267
523
337
488
645
909
812
706
375
308
461
899
898
254
489
923
868
556
313
877
855
861
662
392
363
707
793
691
432
563
113
874
535
162
397
420
167
570
778
522
689
304
583
539
539
849
244
847
876
560
115
923
433
749
833
961
989
563
935
676
382
618
808
140
802
181
776
475
516
709
635
564
707
334
826
629
720
866
974
202
214
469
332
385
128
887
269
472
858
178
555
765
405
711
833
183
988
764
128
584
794
399
477
586
820
709
546
475
669
784
955
427
845
479
592
158
790
683
557
384
919
428
705
549
815
664
785
674
909
673
521
896
999
538
483
250
751
251
880
375
608
716
959
816
640
256
446
358
802
976
446
131
125
513
833
277
852
302
399
352
604
326
562
819
114
354
280
712
333
853
388
138
984
759
292
521
899
120
931
189
652
964
297
282
424
266
578
742
972
965
860
754
380
250
314
821
176
315
788
831
558
677
322
823
994
285
165
164
293
580
585
722
188
814
352
653
400
909
810
156
139
522
769
396
315
667
162
456
713
241
191
689
386
934
536
382
970
255
827
245
983
304
654
243
843
175
523
413
173
451
979
775
833
851
186
867
243
748
589
363
209
230
543
290
802
132
824
572
514
860
801
371
982
498
994
172
934
666
868
116
860
536
228
518
693
233
300
937
747
233
303
640
693
483
758
546
831
195
931
325
815
539
925
507
334
412
875
938
123
873
485
200
513
883
886
776
476
837
298
854
619
735
481
119
365
794
438
332
846
378
305
487
890
521
495
466
599
144
293
492
453
921
278
149
720
803
503
707
510
125
258
883
602
482
970
422
511
353
482
672
578
382
415
255
354
824
994
484
383
530
580
223
225
969
429
215
654
238
658
388
578
913
536
533
959
670
283
524
608
138
310
295
455
692
725
332
512
985
688
222
191
957
805
198
732
820
529
373
919
487
328
204
993
685
930
794
809
744
176
277
311
439
633
848
753
734
556
378
250
912
587
655
992
434
430
566
872
595
656
564
292
647
670
692
491
881
859
696
134
544
652
119
750
221
555
180
232
961
228
964
973
376
250
357
408
580
312
726
301
326
100
653
471
593
755
236
207
951
137
347
800
642
922
749
651
776
209
490
250
214
313
719
933
483
742
860
740
157
409
563
871
151
351
191
876
132
332
269
171
708
154
277
115
868
207
564
504
258
299
369
228
201
142
165
234
506
400
954
916
953
239
999
983
643
906
412
298
618
980
291
242
927
463
921
918
891
928
566
996
827
802
823
473
966
239
987
470
160
825
805
224
723
453
740
381
841
712
733
417
170
522
855
452
287
967
113
930
677
788
546
639
733
446
290
859
603
664
454
849
154
412
801
776
535
684
456
238
827
923
410
810
463
595
798
478
835
470
130
507
701
253
996
417
160
884
947
524
659
756
825
738
799
512
784
759
361
198
459
776
384
328
144
714
327
846
264
388
864
891
242
143
783
779
113
362
950
163
737
483
545
674
965
198
871
841
562
356
137
697
300
994
751
173
555
638
807
573
215
669
541
481
425
782
879
185
234
363
302
949
668
612
707
541
313
470
547
913
920
415
520
290
610
696
318
810
844
327
234
408
925
972
549
739
124
721
610
405
744
584
792
162
797
856
949
160
117
697
262
896
180
295
726
720
941
172
102
732
216
537
237
370
489
863
439
469
696
540
365
154
250
250
184
935
551
762
710
934
915
625
814
954
819
345
901
782
924
897
815
949
553
765
510
663
302
900
697
195
814
282
876
873
635
654
524
866
633
486
572
870
193
980
574
513
832
691
159
666
124
381
351
503
842
921
437
499
956
101
544
510
436
425
325
458
881
604
104
904
934
254
474
732
238
701
707
306
944
564
330
596
483
943
903
295
388
217
715
400
862
728
351
321
832
933
195
373
774
634
192
727
394
112
740
887
954
302
376
910
829
315
594
639
162
370
992
559
175
218
584
654
468
154
292
706
217
110
721
655
463
966
651
923
209
150
850
254
804
175
430
270
749
278
964
406
789
740
502
514
990
946
948
165
215
154
380
233
285
547
330
773
539
121
626
720
781
934
665
233
798
595
872
276
912
350
954
513
453
449
328
869
870
828
362
367
188
318
762
761
243
546
519
517
862
859
845
902
855
704
447
561
446
145
226
381
865
136
157
397
529
966
836
313
818
913
759
431
518
201
414
976
749
366
567
201
707
934
130
508
605
537
689
872
266
493
550
672
175
777
966
707
892
696
919
782
923
887
409
680
302
391
965
837
894
973
548
527
987
210
821
616
129
973
364
689
293
321
816
894
869
262
401
441
680
103
266
711
451
105
634
806
876
599
992
767
210
921
870
314
322
696
687
521
429
388
182
420
808
802
202
538
647
573
941
856
858
724
112
196
408
606
456
330
804
976
515
658
847
889
658
802
195
202
765
844
317
811
538
950
863
893
872
928
800
822
607
727
370
829
341
444
999
340
124
418
525
919
817
925
310
120
364
707
941
918
584
238
610
383
891
753
532
449
729
225
972
295
718
799
355
350
387
387
920
225
601
751
720
642
421
757
926
863
850
428
166
965
984
535
466
822
273
182
540
596
565
938
197
174
898
875
752
355
661
615
246
639
779
527
907
467
317
733
567
677
496
391
588
522
172
463
263
825
427
184
595
953
214
201
664
314
554
813
598
832
692
150
131
645
349
379
139
874
929
354
950
662
705
883
342
196
233
400
160
823
840
737
240
956
922
912
190
703
708
732
720
975
108
386
930
669
827
334
392
801
968
412
724
893
913
270
153
249
279
342
644
684
184
682
339
455
596
815
855
438
708
759
837
716
992
900
891
407
516
554
218
552
163
525
119
219
702
107
439
908
155
134
616
971
878
544
993
810
869
152
589
503
333
259
612
917
150
485
945
248
223
178
648
152
415
543
906
528
699
404
896
433
351
119
191
585
125
453
129
469
622
356
786
404
626
474
775
377
920
322
146
209
865
314
501
613
962
472
928
863
690
673
573
480
205
641
813
615
626
948
156
937
702
696
864
272
506
990
652
482
501
819
380
122
919
423
205
921
920
886
851
393
718
797
945
831
121
884
461
590
902
399
309
191
461
375
329
934
493
124
920
453
997
348
279
281
514
255
590
354
525
852
902
504
737
318
476
340
148
843
341
557
157
176
579
788
126
513
221
247
768
840
480
310
796
247
414
950
404
181
923
741
439
447
424
116
979
532
385
698
179
204
596
801
839
981
503
332
402
553
306
295
247
920
361
256
563
659
526
490
876
836
743
438
862
987
779
895
205
461
669
529
717
137
129
363
756
431
493
278
645
259
122
717
739
543
163
209
586
555
317
941
790
397
526
389
113
685
694
982
938
922
902
663
107
674
463
697
917
697
201
359
732
108
489
546
917
204
344
702
888
939
173
408
568
942
865
911
555
201
737
152
789
755
964
346
434
995
969
582
259
674
169
904
541
115
669
211
306
128
645
811
542
766
866
982
930
270
363
544
162
262
273
528
155
886
698
942
834
133
251
648
398
434
620
636
601
664
456
604
429
368
674
888
594
671
116
755
348
976
695
609
937
489
758
386
789
591
711
566
560
146
571
697
703
804
528
574
480
129
761
847
817
857
711
949
812
853
483
229
344
794
550
932
356
894
889
500
905
621
897
132
196
875
514
216
710
597
360
403
804
696
169
829
780
668
932
157
199
416
276
915
332
400
982
371
472
300
138
269
968
505
153
330
189
446
130
852
986
259
285
752
143
684
465
813
341
222
594
338
477
131
459
937
869
228
234
147
698
712
476
931
276
341
888
214
914
323
839
672
562
450
799
135
171
661
687
172
249
756
398
619
458
321
488
235
528
339
959
522
712
283
434
830
974
921
157
246
733
152
609
751
869
939
922
864
987
561
283
210
889
982
576
281
560
244
154
780
306
497
895
682
877
318
101
347
497
559
567
543
849
738
632
839
387
800
315
727
674
349
901
379
225
361
386
559
982
441
447
447
864
136
759
170
996
772
750
116
576
264
228
138
202
176
757
934
405
727
754
614
417
349
319
117
933
425
397
363
963
758
658
433
293
932
496
316
741
992
523
113
310
750
540
557
584
686
549
517
820
607
664
550
436
666
467
842
330
766
996
518
350
768
266
667
320
727
844
661
502
216
667
838
431
186
175
923
169
550
434
492
375
495
453
749
247
293
401
159
624
345
461
293
119
278
785
167
156
113
772
697
776
772
540
919
315
355
616
559
463
269
256
277
196
160
955
743
656
205
364
544
890
399
553
421
643
478
756
335
403
796
214
969
950
137
881
582
663
601
944
386
253
166
531
723
340
456
193
484
106
829
629
968
258
467
675
864
825
872
467
889
634
822
866
530
732
674
713
805
352
280
414
658
376
698
766
358
723
797
826
237
862
632
824
794
603
276
908
481
300
671
716
636
289
251
470
582
246
169
359
120
852
994
272
248
223
521
218
782
280
801
896
601
450
701
551
287
192
122
606
233
390
580
732
551
503
893
687
196
104
895
883
421
882
993
473
130
194
182
802
931
774
289
855
517
742
195
275
725
378
307
749
569
709
801
608
701
194
756
883
855
685
231
837
910
861
423
704
644
599
278
675
819
152
349
778
742
730
180
705
886
105
669
224
286
541
116
643
278
226
842
257
899
290
916
421
743
235
585
929
178
968
802
666
951
584
304
632
796
913
408
593
954
645
674
831
336
629
194
907
464
298
717
498
108
862
421
121
838
385
837
197
898
471
700
184
845
514
400
253
519
625
579
596
336
800
433
628
873
466
392
968
367
586
159
947
579
298
763
268
150
268
666
937
195
243
966
544
524
861
993
248
241
305
127
558
616
879
905
160
362
227
586
739
802
618
577
931
801
305
350
429
946
733
923
809
593
725
671
855
366
236
602
282
431
243
197
678
169
416
523
393
971
913
933
421
209
586
935
835
923
779
438
359
940
952
777
480
337
993
537
571
946
529
135
237
921
649
612
601
108
739
595
459
871
629
896
640
747
923
216
499
797
169
889
693
578
546
544
439
269
996
708
545
580
123
110
569
652
793
248
895
198
331
601
899
400
194
328
916
894
254
901
383
481
587
652
603
643
321
737
622
488
493
558
866
779
241
977
265
993
420
670
802
744
758
383
796
741
284
121
382
626
672
514
842
486
902
383
569
533
477
248
468
767
309
493
230
186
275
344
945
130
130
995
434
770
224
745
766
933
761
964
371
955
558
634
185
865
330
680
626
942
468
987
777
339
221
139
605
390
825
801
829
469
480
370
473
893
275
471
932
138
923
730
413
833
403
135
288
919
486
858
324
958
738
440
790
114
610
840
980
625
538
430
381
101
838
956
563
679
177
179
889
706
871
348
412
366
128
508
209
713
822
181
777
323
103
307
274
696
158
580
958
354
135
319
648
225
841
977
897
290
316
261
198
539
787
852
331
590
209
425
228
741
543
379
624
188
719
799
156
880
478
264
672
902
244
713
805
171
191
618
449
760
992
636
769
102
233
170
550
621
501
947
363
924
412
773
687
660
905
181
957
490
704
526
975
878
909
794
459
654
156
457
380
420
600
529
587
995
152
691
419
234
972
987
132
140
859
998
852
173
192
845
644
576
608
494
438
780
670
447
370
243
227
763
678
483
522
754
301
255
746
957
939
571
627
917
811
490
202
345
948
484
421
727
289
546
197
497
539
522
615
327
885
368
718
901
261
487
675
322
476
820
601
974
543
741
469
532
231
148
337
317
313
467
244
910
390
764
584
221
505
917
782
751
441
460
965
860
604
798
565
647
388
790
279
251
156
761
175
129
256
762
142
521
293
825
646
511
658
159
425
605
192
634
403
191
798
727
835
861
741
648
230
520
861
537
355
325
191
848
581
669
746
884
399
196
560
295
300
847
984
700
750
580
824
730
404
863
833
530
110
217
812
678
844
816
936
669
390
560
751
384
310
759
309
315
847
536
718
876
616
296
612
343
754
986
745
828
668
176
330
671
780
424
354
837
775
686
650
121
166
388
749
724
482
483
992
503
383
769
271
285
307
775
155
137
995
319
970
473
125
473
652
699
759
321
769
306
641
413
160
428
974
797
801
685
567
952
167
140
217
162
477
911
334
622
374
346
480
577
272
204
747
123
374
317
562
183
203
922
559
683
680
984
795
387
116
515
284
346
331
719
664
423
796
234
431
287
733
244
504
260
715
628
228
139
724
550
972
726
810
147
303
811
742
471
798
556
903
815
604
575
155
413
401
865
475
965
874
937
529
487
401
582
397
679
850
939
574
451
640
143
574
550
189
873
638
273
513
929
312
440
651
460
113
501
667
419
661
980
794
275
474
718
173
410
667
514
919
242
748
980
891
106
362
503
617
381
856
611
742
791
268
244
435
791
949
185
175
964
656
395
406
194
705
312
534
596
108
405
533
230
368
751
403
142
921
266
167
931
573
402
351
577
500
858
600
910
220
312
247
570
297
810
446
706
536
688
929
662
992
416
474
980
172
207
398
144
182
396
973
312
391
641
608
395
257
554
278
937
494
946
162
771
744
501
383
336
227
944
684
905
683
560
264
242
505
873
234
777
796
108
337
548
604
673
301
481
852
514
282
566
535
271
667
356
230
692
799
358
964
748
175
953
653
382
533
448
400
384
542
548
460
999
105
184
127
397
471
759
109
698
816
469
969
855
577
446
810
391
233
695
227
675
364
702
130
215
976
856
112
295
270
514
331
972
917
906
313
555
652
154
504
788
560
717
858
917
879
302
956
985
713
414
503
901
720
670
238
830
588
586
307
726
629
636
794
472
230
275
556
531
597
660
867
902
692
708
380
182
144
121
153
413
315
882
491
526
832
267
573
521
712
937
970
790
312
732
885
659
270
644
251
703
777
822
109
147
442
360
725
974
339
645
961
102
213
885
427
914
637
672
870
108
204
159
102
959
210
762
285
927
364
256
339
352
187
271
405
930
529
183
340
822
864
507
986
946
826
991
148
690
964
140
804
694
357
536
926
875
114
414
360
333
623
607
931
148
364
243
505
373
705
858
718
628
342
120
101
785
321
219
930
932
453
899
669
237
595
702
265
654
292
246
439
566
412
408
101
706
761
834
269
670
806
688
287
624
678
164
731
875
819
363
845
372
588
443
395
359
208
215
730
732
738
203
625
537
114
596
813
451
518
466
464
208
686
404
212
202
765
285
461
967
581
128
225
255
152
855
373
283
232
510
820
311
289
434
294
623
857
386
626
426
295
109
190
113
606
980
667
648
154
530
549
429
266
382
158
125
339
750
123
737
618
932
863
760
662
881
838
344
224
242
561
352
966
714
845
325
670
723
702
224
795
931
660
988
386
901
464
752
943
415
967
287
942
171
528
381
796
205
110
193
636
783
821
232
666
576
485
674
103
120
992
123
695
352
251
583
111
556
958
379
818
353
842
583
811
673
155
757
836
717
645
934
777
647
732
157
382
348
322
874
900
516
887
668
651
188
654
842
131
218
724
378
197
470
514
487
312
158
286
423
682
270
299
137
238
235
897
737
561
159
578
427
388
797
587
335
223
500
792
776
157
175
646
162
471
251
751
329
219
561
381
963
177
748
372
281
453
889
633
199
571
502
872
912
121
308
184
965
277
541
563
282
367
375
806
356
827
910
397
979
112
396
559
545
999
409
738
570
351
370
539
192
575
501
680
249
505
782
755
246
263
402
142
479
501
455
233
825
235
956
179
824
813
708
135
158
723
636
213
383
528
867
496
323
983
356
986
326
128
846
148
560
242
937
787
617
611
387
988
188
763
153
564
773
506
591
640
559
984
530
106
698
536
926
471
245
669
946
551
210
358
704
619
810
654
751
847
345
225
437
213
328
710
794
570
805
340
402
566
731
259
235
226
304
771
591
424
234
701
258
146
725
534
322
678
898
799
386
611
760
720
315
616
955
843
318
933
347
540
374
202
564
766
951
897
187
526
530
599
139
672
243
517
286
548
286
827
263
262
278
798
861
545
624
393
849
454
662
393
237
559
296
208
943
128
328
784
464
255
458
331
161
899
525
159
168
236
478
187
580
193
996
327
192
446
329
499
753
653
842
885
586
297
254
949
165
224
637
959
565
278
364
302
609
532
427
962
362
949
819
412
870
605
367
494
270
435
688
441
536
394
808
996
129
190
770
598
317
581
143
776
946
859
313
757
488
251
851
607
866
725
298
987
446
187
570
282
985
470
497
181
214
651
747
211
330
993
185
341
840
495
514
364
844
576
452
436
670
895
896
655
879
335
483
595
326
656
857
549
859
540
956
898
386
746
827
854
423
645
564
889
280
986
477
257
350
312
112
509
921
113
276
190
995
204
703
441
192
276
543
981
948
781
311
868
743
876
138
201
384
531
344
106
348
444
472
581
495
722
534
988
654
291
775
168
464
569
190
854
645
481
284
415
925
931
130
640
565
126
474
958
182
398
952
831
327
813
281
894
472
691
219
695
559
283
851
284
662
916
256
454
872
112
668
356
941
418
979
797
353
721
406
819
632
950
603
732
331
449
409
890
781
348
741
632
628
782
807
636
389
425
351
572
751
711
615
397
867
358
624
294
797
120
905
634
935
182
805
443
709
751
778
213
303
409
263
143
315
546
425
137
191
945
489
690
298
355
881
989
611
882
957
273
239
384
849
916
864
575
211
996
705
110
805
370
508
976
382
506
114
680
438
853
479
683
276
284
246
971
702
520
255
983
297
575
916
991
186
833
842
161
698
651
229
260
574
845
495
729
829
447
747
220
299
636
383
627
243
181
151
883
198
930
201
443
651
261
304
985
757
476
166
740
467
136
212
237
961
290
307
389
393
445
888
498
586
228
465
896
577
853
450
981
953
361
934
695
488
284
193
384
550
816
111
390
596
537
464
625
213
408
109
451
132
142
656
853
249
704
252
262
420
406
605
582
743
849
362
633
514
132
573
152
414
254
693
414
425
271
219
893
884
701
802
789
126
375
485
279
566
442
224
892
452
212
164
818
114
870
894
871
745
113
969
870
385
841
498
113
202
858
202
201
692
263
320
252
316
707
165
526
497
209
610
852
193
997
718
256
289
261
658
630
462
286
227
427
168
756
347
402
455
669
672
335
571
827
180
716
799
148
289
436
839
392
743
355
575
564
441
610
371
378
992
237
989
181
191
922
401
655
732
364
543
748
140
478
712
565
963
658
366
855
808
562
418
794
985
889
356
937
342
646
546
578
443
972
188
672
273
498
878
374
740
773
189
922
400
902
534
243
252
550
865
486
236
790
440
660
695
178
779
469
882
260
176
790
486
334
773
420
357
634
709
164
421
237
753
489
315
765
134
210
650
955
547
202
163
870
680
799
725
232
553
553
547
709
642
300
714
328
105
968
362
422
526
767
983
591
632
227
309
221
282
678
517
697
420
872
923
838
622
957
676
432
410
467
275
656
427
332
733
315
913
201
428
302
551
627
290
689
884
486
137
774
370
215
527
136
583
363
121
752
660
709
411
856
683
379
803
973
150
478
881
884
665
483
309
599
649
672
515
157
810
124
577
102
896
673
576
753
581
690
553
327
853
625
220
748
465
607
661
241
244
417
960
786
163
247
244
480
787
723
387
879
861
302
395
105
609
553
202
234
672
493
749
517
129
902
664
562
705
152
744
521
424
932
195
808
644
868
165
902
450
106
309
116
550
918
966
518
883
838
533
618
465
857
286
698
255
734
978
978
616
341
355
818
109
634
399
724
743
185
494
940
407
615
898
288
833
947
277
801
849
960
866
228
749
531
678
436
107
851
688
451
892
568
387
163
624
335
185
548
874
132
524
900
272
283
157
588
272
499
463
927
967
142
826
441
527
193
863
880
769
904
845
649
619
302
618
355
805
939
845
513
767
751
491
392
447
770
413
835
581
710
879
639
598
427
385
311
143
158
425
610
331
672
133
530
657
980
479
404
330
371
509
149
791
694
144
611
201
741
555
566
815
813
749
916
826
103
203
410
932
679
253
873
547
176
539
845
340
676
788
663
426
548
481
365
814
752
290
370
639
916
208
261
361
122
609
881
859
983
731
962
658
468
238
438
255
569
339
539
323
654
484
367
980
626
352
994
219
180
283
628
266
618
296
725
445
366
927
746
123
676
940
922
199
496
830
553
188
915
520
106
831
221
200
720
923
296
585
888
108
844
965
600
498
705
442
239
780
895
565
311
579
472
859
762
373
335
477
718
998
908
582
626
328
795
613
194
643
561
774
118
308
515
731
742
677
875
116
752
804
289
209
613
447
795
901
675
945
482
125
575
352
358
995
437
621
922
969
152
288
317
602
405
159
312
625
550
903
224
894
718
351
176
274
770
352
979
835
425
382
181
541
861
268
331
472
590
533
657
834
834
715
752
549
408
428
317
529
562
166
658
874
835
687
909
779
315
794
309
475
523
607
845
814
958
668
704
889
296
504
817
637
928
847
214
850
424
942
191
200
125
640
477
759
723
348
943
989
161
703
372
727
193
164
759
329
360
994
503
202
931
606
983
610
590
378
832
302
588
362
275
663
906
178
163
839
615
564
159
853
765
389
932
273
625
823
802
387
255
119
119
118
466
152
263
435
665
521
149
329
877
575
668
596
395
278
142
375
222
391
830
189
805
953
259
581
735
853
132
500
747
682
259
384
810
705
975
289
651
881
307
111
624
872
891
279
440
637
683
895
436
198
805
996
893
783
464
968
450
639
758
780
387
997
764
992
236
915
666
364
293
337
265
592
917
400
641
810
596
692
435
830
787
895
910
518
975
565
739
265
563
953
772
133
469
122
246
315
374
639
221
466
162
905
683
627
594
111
601
286
252
688
638
600
587
525
408
505
316
523
836
827
682
373
825
295
981
891
568
302
267
902
614
358
368
475
272
756
446
759
734
445
554
403
846
167
242
388
851
640
706
901
483
589
351
212
778
547
720
340
543
341
861
216
205
753
676
726
112
785
230
257
930
693
780
439
365
728
586
961
867
872
140
314
887
656
374
200
399
990
267
777
150
788
711
180
109
697
386
551
164
740
507
913
881
871
632
728
467
775
207
153
161
931
780
249
850
130
777
108
251
271
846
359
797
599
258
488
880
460
732
145
587
843
580
130
479
346
322
766
630
131
541
656
694
901
578
979
852
947
699
602
609
908
211
494
919
549
364
281
495
783
899
350
488
367
828
965
102
232
773
195
149
523
603
355
680
611
270
954
960
941
388
321
961
119
578
400
473
899
284
572
959
389
647
443
967
972
733
765
857
738
319
296
277
535
438
541
333
761
180
449
349
575
735
211
808
424
149
255
456
105
829
192
291
489
811
806
586
493
768
279
695
722
314
690
574
781
727
359
578
332
668
772
838
194
260
565
678
436
536
249
738
565
909
326
760
709
815
982
502
603
999
723
387
636
209
171
828
942
395
992
705
384
380
819
748
814
727
266
323
274
570
501
191
515
853
780
181
831
699
219
924
249
594
366
891
679
694
485
429
418
555
499
441
863
647
940
405
424
337
825
571
670
675
853
654
550
166
541
232
934
991
101
567
679
896
225
865
681
712
727
237
705
857
622
354
175
664
527
354
934
726
202
490
677
634
849
730
166
665
623
174
938
835
833
750
308
603
824
753
999
910
364
942
106
363
466
450
652
400
436
227
188
601
770
617
849
822
715
898
585
945
361
434
176
907
471
455
150
322
528
617
280
492
786
823
762
271
660
281
481
395
373
482
380
610
955
388
138
551
770
282
447
917
332
678
385
533
740
558
911
892
403
967
735
550
870
591
639
258
305
625
393
379
120
468
568
337
765
657
162
793
936
748
619
332
747
841
947
524
600
772
654
896
370
534
656
549
572
231
819
129
743
835
891
284
430
396
896
914
960
149
804
522
933
223
797
883
479
630
552
475
232
415
275
428
756
866
351
997
124
786
742
580
245
270
862
847
656
108
371
847
328
431
493
123
162
730
764
171
452
693
134
662
910
301
674
186
816
546
131
634
693
472
519
551
158
952
147
911
276
633
332
479
214
480
754
476
262
330
334
492
817
721
434
100
261
803
818
284
953
368
227
758
423
302
632
164
111
354
988
940
983
614
810
645
164
983
968
402
617
962
333
890
326
566
460
645
316
424
273
118
115
174
385
425
997
912
493
814
924
323
416
784
129
758
190
507
675
770
765
271
477
487
674
942
459
213
344
930
471
962
545
272
632
587
620
149
609
505
516
210
722
651
659
304
752
620
696
101
143
727
826
468
569
132
841
830
724
486
667
444
572
229
894
991
460
489
112
206
491
807
939
470
890
628
988
206
599
234
912
163
250
510
892
494
524
290
185
155
889
894
662
470
706
825
327
156
773
487
855
745
927
621
314
922
954
178
454
458
901
987
435
293
923
932
725
852
128
438
348
363
662
843
145
416
303
520
790
444
756
263
403
735
421
118
737
578
975
242
390
946
924
392
317
365
730
696
450
989
764
969
456
700
439
803
665
521
605
754
109
271
738
357
958
126
999
101
379
384
818
452
227
339
364
790
282
597
573
360
404
679
217
853
885
464
237
141
919
494
275
374
844
105
578
530
133
602
412
235
124
630
247
836
321
640
228
662
581
454
232
886
794
402
376
618
911
963
909
436
776
555
409
383
158
249
230
471
210
544
167
440
850
323
711
387
685
200
691
492
179
656
334
596
714
478
310
527
461
818
194
474
169
864
765
935
539
629
585
242
454
796
162
741
945
898
579
387
315
961
800
423
545
271
523
790
589
856
841
101
886
791
801
834
122
882
474
759
559
240
311
857
450
556
856
301
655
235
828
143
295
715
544
529
842
765
511
775
231
784
229
149
190
544
245
904
853
701
279
425
707
303
455
978
409
393
342
251
538
890
181
222
203
909
857
622
100
470
716
915
708
727
127
643
465
276
287
905
154
898
692
745
788
567
539
527
603
480
690
911
432
413
330
435
497
678
820
302
596
608
123
545
315
945
939
737
652
983
220
577
194
897
116
574
933
719
923
975
766
704
233
267
710
157
961
647
632
406
451
617
703
956
293
276
208
443
658
782
417
631
910
883
380
569
249
425
124
218
269
129
521
682
559
640
926
333
431
950
307
363
300
482
168
318
845
697
803
236
310
181
777
647
957
237
794
949
781
997
232
551
866
150
779
392
813
929
366
539
831
183
169
677
371
836
120
819
387
698
306
937
899
983
248
413
325
411
449
620
632
110
479
884
762
712
762
370
112
136
540
712
449
441
314
240
704
798
124
494
893
519
318
965
938
584
923
292
570
481
406
419
175
233
169
579
443
972
310
977
516
540
648
440
336
699
210
709
637
473
979
606
196
374
975
177
366
610
245
632
819
324
697
789
618
466
408
441
375
485
279
404
497
494
243
188
231
893
402
453
577
253
371
758
793
940
223
367
306
185
783
583
985
459
387
755
616
764
904
819
325
272
411
167
905
908
395
810
623
296
782
268
452
883
227
244
766
680
146
562
238
756
928
345
709
121
107
579
562
336
911
882
930
817
162
196
810
723
941
202
260
124
126
841
883
795
823
829
350
597
426
283
856
101
624
295
376
285
966
923
618
589
348
241
495
881
292
401
183
163
332
554
757
745
193
939
382
812
483
403
232
723
763
910
644
847
428
464
370
424
174
493
778
142
337
141
136
131
659
679
732
429
155
766
287
772
455
354
743
210
111
403
482
317
313
377
516
710
639
254
290
255
746
117
975
202
378
162
950
789
182
672
967
274
714
742
316
239
534
622
653
723
409
706
542
819
650
911
543
855
528
531
334
986
738
534
707
417
436
713
187
520
395
184
180
955
447
831
833
765
361
560
921
103
928
776
778
435
104
208
894
222
992
674
421
182
453
625
602
563
913
451
954
115
979
596
249
973
552
812
855
305
275
933
445
870
660
789
742
782
742
474
690
104
890
860
726
634
350
342
129
782
484
737
699
109
117
889
418
157
629
877
589
109
555
272
863
927
340
164
190
184
901
589
542
862
205
850
304
624
946
269
385
950
389
878
749
225
708
152
191
834
807
498
756
388
880
753
479
306
573
971
758
854
377
673
427
822
357
925
700
291
160
827
867
517
116
188
160
342
698
186
684
103
820
268
477
911
376
956
981
495
532
540
421
809
118
975
638
607
554
775
537
708
473
338
372
792
403
494
823
442
203
735
212
145
921
170
287
772
284
643
304
126
867
195
835
728
514
564
876
891
925
549
375
366
204
553
927
570
621
679
708
177
206
645
525
327
590
698
197
646
471
701
727
847
190
778
384
396
381
661
337
894
283
411
648
251
791
162
162
420
522
911
926
482
850
593
542
736
805
771
508
472
728
114
905
201
436
881
455
991
886
242
535
676
199
751
421
871
330
983
942
380
251
714
717
176
897
776
995
926
769
323
231
671
709
572
240
737
910
383
399
756
200
451
440
741
759
282
433
131
683
684
770
382
559
399
130
906
308
468
827
489
306
207
369
273
446
175
645
591
630
110
863
178
463
162
735
270
877
512
127
230
438
760
101
972
287
689
740
248
335
373
964
966
653
512
442
982
713
910
523
898
502
842
516
491
701
713
337
170
383
897
666
608
700
725
268
661
326
492
965
877
252
418
273
297
995
441
328
240
772
852
420
107
539
817
941
358
858
938
168
801
738
956
448
635
140
149
702
537
675
984
442
871
840
360
691
150
924
946
876
355
996
966
432
204
135
622
246
648
881
612
640
893
921
859
122
460
794
985
499
327
527
458
404
453
326
741
156
551
122
145
255
760
196
717
939
233
626
562
686
980
759
953
415
114
494
511
479
775
274
123
780
281
674
236
713
839
170
275
530
159
412
325
100
781
171
717
153
471
161
812
156
511
930
687
921
186
873
708
834
522
925
569
449
567
147
797
280
527
434
473
931
976
519
228
105
141
127
224
707
501
303
887
197
766
419
365
287
262
108
863
490
359
301
346
921
965
138
688
969
648
616
858
105
804
195
199
183
433
655
506
617
929
650
793
176
652
330
341
113
790
266
155
366
826
572
309
136
990
726
336
770
554
684
892
185
817
613
730
119
309
199
379
476
763
678
122
941
723
400
767
467
363
951
319
636
177
952
645
544
721
969
631
896
406
547
109
689
259
347
381
352
597
228
130
280
853
297
844
770
936
789
545
982
890
367
339
966
738
661
816
870
121
246
910
825
515
410
931
395
104
509
595
562
414
881
983
441
398
346
790
789
515
680
147
714
372
926
484
844
366
520
786
628
487
214
222
297
384
524
504
100
910
230
353
504
873
759
682
120
957
939
753
614
935
829
150
644
848
730
517
153
951
397
392
585
199
778
316
104
706
199
521
211
675
250
512
317
108
615
923
219
504
822
427
686
448
365
662
579
155
150
412
735
473
934
520
502
355
128
681
712
491
602
696
762
369
800
389
693
549
437
963
263
270
930
576
139
456
204
238
550
366
808
369
682
612
174
187
974
447
619
967
213
431
619
317
317
485
812
631
316
118
365
544
172
575
116
364
294
517
482
204
485
186
431
195
514
732
398
777
907
908
271
313
728
986
533
696
937
841
138
837
376
231
947
311
242
267
590
218
876
272
533
973
194
714
752
888
239
155
202
629
752
686
227
199
518
914
130
530
939
348
697
959
501
285
973
891
217
898
745
293
485
244
568
416
420
638
782
867
603
339
612
885
402
571
366
629
711
235
575
574
730
672
534
358
184
466
720
813
552
188
416
359
801
410
333
229
769
398
982
985
311
640
349
786
449
441
208
894
610
720
234
878
325
836
950
219
722
856
455
790
559
457
504
562
482
164
952
302
277
742
787
605
570
971
543
711
737
677
358
327
353
516
442
166
103
873
501
220
483
156
116
439
239
831
352
239
747
337
649
261
803
468
680
850
878
194
947
662
404
191
835
787
207
656
225
988
195
567
751
371
869
222
726
813
252
228
893
671
366
471
740
784
416
123
693
408
461
199
456
549
418
683
162
149
354
632
576
484
731
210
958
149
167
386
506
425
530
979
515
461
830
573
462
278
236
813
862
369
384
785
182
501
247
621
347
800
814
174
423
261
688
234
633
488
422
917
466
609
613
290
328
442
938
742
603
840
427
198
918
166
488
690
965
919
971
297
864
538
739
597
410
760
129
151
716
649
555
695
555
180
155
370
507
892
664
819
400
753
594
422
155
315
605
248
194
177
180
288
788
479
715
314
878
877
498
782
587
550
248
137
641
168
505
412
633
159
346
365
541
857
537
402
655
522
365
756
608
999
696
673
891
981
127
884
514
957
917
489
696
339
699
985
575
593
406
626
911
734
337
975
712
936
338
207
295
441
999
646
427
939
685
993
849
628
520
912
262
833
658
654
578
828
754
566
580
167
601
837
488
428
553
119
245
625
524
817
141
403
195
452
424
329
520
542
268
719
551
671
750
474
346
811
777
471
915
293
347
661
588
457
423
954
621
919
276
613
637
392
305
984
492
768
731
494
468
622
797
201
636
398
215
689
771
609
604
456
301
844
252
411
920
607
128
502
777
163
107
169
212
513
462
857
896
469
401
248
491
592
991
151
137
894
361
117
194
276
371
798
563
887
256
257
535
117
520
337
322
463
551
668
127
790
697
662
961
993
280
786
301
929
152
178
835
699
461
847
113
252
992
961
744
225
752
976
684
380
518
127
722
279
721
576
787
350
665
310
858
659
665
454
944
109
595
596
485
483
525
334
670
903
736
227
801
282
881
157
377
191
756
171
977
743
572
797
765
645
774
239
288
816
923
713
117
884
747
531
561
567
126
106
951
317
195
612
597
542
900
104
179
563
285
602
583
792
956
415
973
761
465
282
926
154
833
784
471
948
632
138
554
409
479
632
983
729
539
119
509
439
697
524
677
628
353
805
356
106
108
929
407
124
227
694
634
151
695
453
622
615
702
626
246
448
785
224
462
718
416
228
959
855
620
917
880
448
364
365
888
341
939
942
569
382
787
310
113
777
874
992
217
530
623
202
205
289
376
868
519
614
347
932
565
957
307
483
944
509
960
612
416
993
696
334
801
915
709
673
241
505
982
823
890
786
995
206
486
308
433
924
759
375
157
446
933
602
492
290
509
230
128
165
403
317
983
170
804
520
288
164
801
544
243
436
125
608
222
471
521
544
549
819
371
464
232
652
806
748
323
656
517
751
146
572
934
497
860
561
557
922
752
361
579
573
565
537
845
325
293
954
800
410
117
368
800
527
699
558
789
400
645
301
281
954
658
695
859
586
168
278
194
622
142
685
507
712
471
375
915
368
409
564
710
619
715
862
350
886
769
916
974
334
124
196
682
767
640
509
587
374
861
516
259
421
772
579
688
164
893
494
290
468
174
323
566
131
684
115
846
641
797
321
253
790
563
415
691
150
338
431
776
792
848
734
648
579
267
740
374
420
334
791
259
127
196
826
295
931
521
974
349
933
113
457
161
919
916
884
368
356
367
851
370
178
659
283
984
378
775
141
356
629
316
983
219
546
620
463
150
269
168
504
136
584
597
826
101
983
419
479
786
347
830
746
268
829
968
393
414
743
260
338
104
923
129
417
187
872
606
130
373
125
905
456
473
651
536
667
325
265
723
240
872
942
133
656
654
141
195
980
724
532
360
419
571
307
433
555
614
369
218
314
331
605
578
691
425
644
226
784
527
652
348
939
278
392
488
123
869
338
170
743
460
939
266
767
506
880
130
684
344
282
136
777
655
973
708
289
807
708
206
297
819
518
654
668
170
662
880
252
175
746
638
499
193
472
767
634
338
178
391
585
492
326
336
442
764
371
720
402
872
849
638
539
603
696
788
666
621
606
771
233
735
618
771
744
414
714
474
451
638
498
212
282
207
930
983
194
786
937
890
845
715
979
152
611
589
774
484
662
550
859
513
210
536
479
562
147
853
493
995
732
537
360
970
483
578
230
599
313
391
838
448
253
242
562
547
502
252
499
278
229
823
447
676
368
434
196
763
649
690
902
272
438
881
857
261
769
765
496
316
506
298
508
542
211
964
700
868
942
617
163
411
464
550
602
321
212
965
445
637
450
785
342
749
323
392
119
742
658
177
702
846
110
284
923
671
326
741
177
496
680
259
536
261
205
170
632
842
451
105
753
803
388
954
195
418
346
751
997
189
341
131
235
750
630
983
596
233
373
699
913
551
700
851
305
647
777
209
761
920
924
990
123
859
676
588
156
678
754
169
569
698
614
396
234
443
183
288
599
787
141
100
806
600
234
374
882
587
437
822
415
563
868
239
348
573
561
713
746
958
215
161
752
104
669
192
691
876
632
864
209
834
446
537
297
256
514
693
521
500
691
340
468
553
447
804
839
768
153
288
636
931
699
152
136
883
392
588
306
183
992
122
442
100
171
590
890
703
185
693
681
344
356
209
613
303
867
199
347
985
110
269
158
159
809
772
889
147
588
463
316
574
955
516
489
793
384
581
297
224
269
856
911
661
209
841
770
863
156
384
291
678
719
840
556
125
164
232
502
438
379
399
782
896
799
882
794
493
511
190
840
779
259
972
720
685
998
110
114
515
408
290
169
769
810
408
294
352
430
912
322
307
433
535
671
313
237
510
972
391
344
770
629
812
347
747
750
710
276
668
311
281
129
301
114
930
635
388
486
985
924
406
149
636
509
852
990
755
554
937
662
724
835
653
890
232
307
689
108
368
797
356
289
284
740
886
161
738
260
491
435
303
910
304
116
440
451
953
175
534
805
793
589
276
293
269
630
579
297
279
850
502
621
418
565
833
613
674
740
997
792
933
496
228
955
984
523
727
788
496
838
840
523
242
676
661
870
156
126
550
641
747
640
620
828
103
202
786
527
158
614
226
815
254
165
294
354
183
916
951
717
581
973
885
274
885
201
201
588
160
126
982
282
473
837
212
155
461
659
258
104
602
172
987
354
587
486
941
457
624
263
632
353
454
663
171
564
933
185
361
788
654
314
487
621
976
269
561
488
132
804
352
940
396
644
700
867
678
644
727
552
437
183
897
991
931
457
243
779
549
904
776
377
363
489
659
261
347
429
541
962
622
642
459
433
935
980
156
847
524
535
244
321
836
366
844
320
630
507
262
204
419
187
920
561
564
723
739
600
850
781
363
665
224
362
512
804
720
313
514
655
885
220
867
266
987
191
162
796
664
723
896
564
853
439
929
379
418
739
583
487
962
405
887
443
583
118
510
341
186
829
942
447
314
939
308
208
442
617
406
189
122
392
533
862
334
792
556
337
690
485
731
880
677
133
434
839
457
230
580
133
883
782
917
443
908
928
593
855
659
896
741
150
459
686
588
226
854
411
798
352
478
470
417
915
657
629
401
619
910
824
791
199
303
927
294
966
622
332
391
124
451
137
160
738
445
884
956
906
405
859
581
725
941
601
179
370
777
798
165
489
644
380
457
887
948
498
537
266
284
533
240
168
136
536
328
267
646
836
114
926
131
474
331
975
831
512
613
805
772
733
865
177
560
675
979
868
790
506
690
345
179
437
281
620
604
922
290
670
922
437
286
522
540
818
267
139
197
880
273
500
670
448
451
950
347
907
451
338
865
900
916
210
750
673
119
258
353
849
923
896
204
564
867
620
633
602
442
921
661
890
726
137
996
578
793
357
991
489
133
844
317
762
805
555
368
994
790
420
980
633
582
115
340
365
689
532
410
534
781
537
527
212
815
105
903
351
261
410
658
641
203
405
929
331
206
133
255
990
384
583
333
145
112
775
443
459
935
439
942
189
651
353
715
180
471
924
863
144
323
229
249
764
822
984
569
701
137
196
796
713
315
645
460
772
567
762
566
701
437
511
287
585
972
285
894
352
212
637
254
770
550
668
722
758
604
519
324
844
900
748
282
136
922
721
256
730
119
299
907
635
223
552
421
246
314
657
666
396
855
245
249
906
451
929
797
955
675
281
860
186
278
652
707
666
588
474
590
477
206
201
239
892
149
892
567
652
848
837
869
775
758
610
248
757
931
378
241
436
664
172
832
395
102
547
451
503
326
863
175
503
854
340
787
960
308
522
623
411
478
453
875
880
151
804
567
571
104
963
906
778
472
448
924
893
624
820
812
453
388
687
871
191
727
328
603
233
628
779
901
786
943
708
247
151
350
504
700
123
528
329
850
161
885
720
768
190
983
859
415
585
869
940
949
691
771
173
461
388
394
151
372
646
216
171
574
746
924
921
890
970
562
343
421
274
360
596
284
350
995
255
791
821
397
944
186
677
920
223
977
778
514
881
294
775
459
232
106
794
308
324
491
203
542
476
689
409
603
778
337
547
478
964
775
196
872
520
770
634
359
278
654
485
806
308
193
508
199
517
521
988
344
813
758
102
755
630
377
540
719
924
162
633
551
888
694
446
159
315
715
531
301
991
926
435
584
805
338
689
431
561
288
959
914
954
768
533
476
184
852
807
406
641
376
925
525
807
155
491
652
508
930
669
850
925
139
852
605
545
426
655
995
898
268
693
235
150
461
843
405
115
536
295
266
148
696
863
379
231
387
374
298
976
455
190
767
346
929
193
917
667
358
604
529
178
370
259
864
363
880
668
451
357
954
468
859
610
589
411
353
750
884
150
466
261
902
198
207
735
505
661
639
106
413
471
504
943
179
426
967
914
515
958
203
926
581
830
209
198
487
643
708
246
454
745
979
628
571
569
244
665
380
137
